50763673231
50761318852
50762497370
50767080310
50763034029
50763007066
50761284683
50767279281
50762945702
50765203607
50763751878
50762142730
50763086968
50764773192
50768380936
50769491026
50762129125
50768926617
50766345404
50769498201
50760936104
50761300309
50769501468
50760430701
50763953876
50768080833
50761550660
50765055627
50762838751
50768776544
50769422385
50767157781
50763791010
50765525390
50769934685
50761016501
50769810832
50762686009
50761093798
50768112760
50760412620
50766725108
50762213115
50766682948
50769178893
50768479819
50763076036
50762193344
50766537922
50762010552
50762000263
50762442498
50762372818
50768131270
50769489204
50768761342
50768787494
50762920630
50763944515
50767122794
50762027053
50763414863
50765564828
50763896967
50762913110
50760109726
50762223864
50764333338
50764350378
50761273472
50760521028
50765523625
50767049619
50766199319
50762349814
50767571741
50761386789
50764512016
50762459096
50766972698
50763211892
50762035170
50760948554
50760060280
50766420529
50761124697
50761401903
50761603977
50767221341
50767979603
50768551612
50764183639
50766489710
50765335028
50768611456
50762949764
50765242294
50767711397
50762390648
50766145428
50766145428
50763466418
50765740604
50767252422
50763037277
50760774586
50762457827
50761405624
50766065433
50767473703
50762419700
50762598077
50764188614
50766124057
50763087757
50769838700
50769838700
50769841108
50766254875
50766512815
50763714798
50764413969
50764545001
50762485691
50760307378
50762968467
50766944146
50761399975
50763124501
50760088843
50763996850
50766182990
50766666478
50769488796
50760018965
50764137774
50762224635
50767473618
50769099325
50768815895
50766734214
50763792179
50768820899
50762642797
50765781769
50762948868
50763760680
50768755861
50767473618
50761441881
50765254002
50762225668
50762854384
50765370449
50762738470
50765593079
50767176509
50762288937
50762339454
50766333005
50765643243
50763289198
50760703855
50762320317
50767387405
50763483348
50763527624
50769804838
50767479129
50765655317
50762909892
50762135669
50760419286
50760013282
50768218144
50762983782
50769822234
50768888520
50767020131
50762476385
50766729956
50761114147
5076323369
50769494573
50766870608
50763529037
50760702767
50762378010
50762444025
50760316782
50765445655
50769769516
50761209080
50765135579
50765506180
50760173159
50763623405
50760703030
50766482089
50769850336
50764500119
50765777731
50762660859
50765606439
50765292496
50762986944
50764634186
50766162343
50760074600
50762228200
50769809087
50764337175
50767542757
50762241403
50762338430
50767923532
50762335393
50765504180
50760835447
50765904985
50765203747
50762899335
50764737565
50766895731
50761403133
50767039913
50763550756
50767057694
50767882108
50767864614
50760728463
50762497177
50765566534
50769809474
50765164698
50765312135
50766824689
50763569543
50768512139
50768191333
50765892356
50763475513
50766055240
50762964223
50763193542
50762256257
50768025010
50762924074
50766864479
50765256252
50766601577
50762803444
50763649189
50762662410
50764861589
50766762456
50762006547
50764636933
50762177056
50762301557
50769831904
50769352670
50767176552
50766687170
50762730424
50764232006
50762226599
50767418640
50765020772
50765188878
50762452539
50767391096
50767892814
50762000947
50767257070
50764528106
50764143398
50763329917
50760695522
50764448763
50767811903
50763064458
50762004375
50768936783
50761150899
50762850977
50766455031
50767079664
50760179377
50764975600
50768500239
50760815748
50769182628
50764025515
50761470873
50764500891
50768169034
50762679460
50768534389
50766761365
50763091917
50761506837
50767193155
50761506926
50762275055
50766433670
50765282519
50765237005
50769974120
50768503786
50767743320
50763421493
50769139687
50766992124
50767466644
50762106683
50767877897
50766995339
50767595749
50769576078
50767694146
50766704619
50765284051
50764371845
50763048067
50762600534
50764331042
50764601725
50767206395
50763795991
50760664336
50762403977
50762864363
50769337684
50764540352
50766136725
50761510101
50761093019
50767472263
50769336637
50768991195
50762802779
50762493226
50765403343
50762760415
50764673006
50768390512
50762593083
50765525770
50762947086
50769813105
50766971363
50767540845
50762559845
50762478204
50767216124
50765825926
50769734090
50761403951
50763060277
50766356125
50760030707
50761238441
50767474476
50769484747
50763103563
50763194883
50769202780
50760447077
50764200896
50766161225
50762500918
50762971726
50766778724
50768262596
50767758126
50769110544
50765215394
50769291122
50769069024
50768201893
50760334759
50762128746
50764370386
50761406313
50766776198
50763780410
50764970140
50762345117
50760011035
50768467668
50768448911
50763162475
50763028591
50761501715
50764521282
50764845685
50762533476
50769772490
50767756126
50767819039
50763988067
50762502042
50767147322
50766030444
50765174715
50767857775
50765554890
50760090846
50766743000
50766814553
50766299501
50766600725
50767729465
50763792059
50763001708
50762411994
50760578000
50766550390
50766328510
50760909947
50765476076
50768512052
50762179242
50766111110
50769809779
50766000325
50769958771
50763143684
50769450246
50766734095
50764829146
50761255628
50764080980
50761538026
50766235332
50766184326
50765426181
50767472940
50766858629
50767257244
50769820205
50769939908
50761351004
50762290932
50762864168
50764313415
50766756435
50768894754
50767610507
50764486414
50760383486
50766612074
50767461215
50761576491
50765573652
50760167597
50764433708
50766715628
50767628842
50764479090
50764957930
50762191235
50769468452
50762155060
50763192783
50768323480
50761067432
50763244288
50765565288
50769800230
50764840618
50764895590
50760121968
50768932726
50762182457
50768568651
50767111684
50760478095
50769378193
50766367591
50767852439
50763523715
50763499136
50763095659
50766868815
50764718883
50767577920
50767471546
50767412868
50769813190
50762818791
50762826330
50768206580
50765805567
50763792205
50765978295
50767302777
50765842711
50769494788
50769445644
50765209903
50762762862
50765313428
50762238077
50762174223
50762031635
50762118104
50762823149
50761476645
50762589649
50768511240
50762652486
50761383471
50766047502
50769029625
50764950157
50763530649
50765727494
50762224030
50767651610
50763223387
50764951542
50766551056
50760303982
50766141560
50766678887
50765147170
50762025664
